% Coding: Male 100, Female 200

mpsex = [100
	 100
	 100
	 100
	 200
	 200
	 200
	 200
	 200
	 100
	 100
	 100
	 100
	 200
	 100
	 200
	 100
	 200
	 100
	 100
	 200
	 200
	 100
	 200
	 100
	 200
	 200
	 200
	 100
	 200
	 100
	 100
	 200
	 200
	 100
	 100
	 200
	 100
	 100
	 200
	 100
	 100
	 200
	 200
	 200
	 200
	 200
	 100
	 200
	 200
	 100
	 100
	 200
	 100
	 100
	 100
	 200
	 100
	 100
	 200
	 200
	 200
	 200
	 200
	 200
	 100
	 200
	 100
	 100
	 200
	 200
	 200
	 100
	 100
	 100
	 100
	 200
	 200
	 200
	 100
	 100
	 100
	 100
	 200
	 200
	 100
	 100
	 200
	 200
	 200
	 100
	 100
	 200
	 200
	 100
	 100
	 200
	 200
	 100
	 100
	 200
	 100
	 200
	 200
	 100
	 200
	 100
	 200
	 200
	 100
	 100
	 100
	 200
	 200
	 200
	 200
	 100
	 200
	 200
	 100
	 100
	 100
	 100
	 100
	 100
	 200
	 100
	 100
	 100
	 200
	 100
	 100
	 100
	 200
	 200
	 100
	 100
	 200
	 200
	 100
	 100
	 100
	 100
	 200
	 200
	 200
	 100
	 200
	 200
	 100
	 100
	 100
	 100
	 100
	 200
	 100
	 200
	 100
	 100
	 100
	 200
	 200
	 100
	 100
	 200
	 100
	 200
	 100
	 100
	 200
	 200
	 100
	 200
	 100
	 200
	 200
	 100
	 100
	 200
	 100
	 200
	 100
	 100
	 100
	 200
	 100
	 200
	 100
	 100
	 100
	 200
	 100
	 100
	 100
	 100
	 100
	 100
	 200
	 100
	 100
	 200
	 100
	 100
	 100
	 200
	 200
	 100
	 200
	 200
	 100
	 200
	 100
	 200
	 100
	 100
	 200
	 200
	 100
	 100
	 100
	 200
	 100
	 200
	 200
	 200
	 100
	 200
	 200
	 100
	 200
	 100
	 200
	 200
	 100
	 200
	 100
	 200
	 200
	 200
	 100
	 200
	 100
	 100
	 200
	 200
	 200
	 100
	 100
	 100
	 200
	 100
	 100
	 200
	 100
	 200
	 100
	 200
	 100
	 200
	 200
	 200
	 200
	 100
	 100
	 100
	 100
	 100
	 200
	 200
	 100
	 200
	 100
	 100
	 100
	 100
	 200
	 100
	 100
	 200
	 100
	 200
	 200
	 100
	 200
	 200
	 100
	 100
	 200
	 100
	 100
	 200
	 100
	 100
	 100
	 100
	 200
	 100
	 100
	 100
	 200
	 200
	 100
	 100
	 100
	 100
	 100
	 100
	 200
	 200
	 200
	 100
	 100
	 200
	 200
	 200
	 100
	 200
	 200
	 100
	 200
	 100
	 100
	 100
	 200
	 100
	 200
	 100
	 200
	 200
	 100
	 100
	 200
	 100
	 200
	 200
	 200
	 100
	 200
	 100
	 200
	 200
	 200
	 100
	 100
	 200
	 200
	 200
	 100
	 200];
